/bin/ps:
(__DATA,__data) section
0000000100006280	9c 57 00 00 01 00 00 00 a1 57 00 00 01 00 00 00 
0000000100006290	00 00 00 00 00 00 00 00 00 00 00 00 00 00 00 00 
00000001000062a0	3b 2c 00 00 01 00 00 00 00 00 00 00 00 00 00 00 
00000001000062b0	05 00 00 00 00 00 00 00 00 00 00 00 00 00 00 00 
00000001000062c0	00 00 00 00 00 00 00 00 00 00 00 00 00 00 00 00 
00000001000062d0	00 00 00 00 00 00 00 00 a6 57 00 00 01 00 00 00 
00000001000062e0	ab 57 00 00 01 00 00 00 00 00 00 00 00 00 00 00 
00000001000062f0	00 00 00 00 00 00 00 00 39 2d 00 00 01 00 00 00 
0000000100006300	00 00 00 00 00 00 00 00 04 00 00 00 00 00 00 00 
0000000100006310	00 00 00 00 00 00 00 00 00 00 00 00 00 00 00 00 
0000000100006320	00 00 00 00 00 00 00 00 00 00 00 00 00 00 00 00 
0000000100006330	b0 57 00 00 01 00 00 00 b7 57 00 00 01 00 00 00 
0000000100006340	00 00 00 00 00 00 00 00 00 00 00 00 00 00 00 00 
0000000100006350	cd 2d 00 00 01 00 00 00 00 00 00 00 00 00 00 00 
0000000100006360	03 00 00 00 00 00 00 00 1a 01 00 00 00 00 00 00 
0000000100006370	03 00 00 00 00 00 00 00 bd 57 00 00 01 00 00 00 
0000000100006380	00 00 00 00 00 00 00 00 bf 57 00 00 01 00 00 00 
0000000100006390	40 57 00 00 01 00 00 00 b0 57 00 00 01 00 00 00 
00000001000063a0	00 00 00 00 00 00 00 00 00 00 00 00 00 00 00 00 
00000001000063b0	00 00 00 00 00 00 00 00 00 00 00 00 00 00 00 00 
00000001000063c0	00 00 00 00 00 00 00 00 00 00 00 00 00 00 00 00 
00000001000063d0	00 00 00 00 00 00 00 00 00 00 00 00 00 00 00 00 
00000001000063e0	c5 57 00 00 01 00 00 00 ca 57 00 00 01 00 00 00 
00000001000063f0	00 00 00 00 00 00 00 00 0f 00 00 00 00 00 00 00 
0000000100006400	71 1c 00 00 01 00 00 00 ea 1b 00 00 01 00 00 00 
0000000100006410	40 00 00 00 00 00 00 00 00 00 00 00 00 00 00 00 
0000000100006420	00 00 00 00 00 00 00 00 00 00 00 00 00 00 00 00 
0000000100006430	00 00 00 00 00 00 00 00 cf 57 00 00 01 00 00 00 
0000000100006440	40 57 00 00 01 00 00 00 d7 57 00 00 01 00 00 00 
0000000100006450	00 00 00 00 00 00 00 00 00 00 00 00 00 00 00 00 
0000000100006460	00 00 00 00 00 00 00 00 00 00 00 00 00 00 00 00 
0000000100006470	00 00 00 00 00 00 00 00 00 00 00 00 00 00 00 00 
0000000100006480	00 00 00 00 00 00 00 00 00 00 00 00 00 00 00 00 
0000000100006490	df 57 00 00 01 00 00 00 40 57 00 00 01 00 00 00 
00000001000064a0	e6 57 00 00 01 00 00 00 00 00 00 00 00 00 00 00 
00000001000064b0	00 00 00 00 00 00 00 00 00 00 00 00 00 00 00 00 
00000001000064c0	00 00 00 00 00 00 00 00 00 00 00 00 00 00 00 00 
00000001000064d0	00 00 00 00 00 00 00 00 00 00 00 00 00 00 00 00 
00000001000064e0	00 00 00 00 00 00 00 00 ef 57 00 00 01 00 00 00 
00000001000064f0	f4 57 00 00 01 00 00 00 00 00 00 00 00 00 00 00 
0000000100006500	0f 00 00 00 00 00 00 00 8b 1c 00 00 01 00 00 00 
0000000100006510	1e 1c 00 00 01 00 00 00 10 00 00 00 00 00 00 00 
0000000100006520	00 00 00 00 00 00 00 00 00 00 00 00 00 00 00 00 
0000000100006530	00 00 00 00 00 00 00 00 00 00 00 00 00 00 00 00 
0000000100006540	f9 57 00 00 01 00 00 00 01 58 00 00 01 00 00 00 
0000000100006550	00 00 00 00 00 00 00 00 0f 00 00 00 00 00 00 00 
0000000100006560	4f 1c 00 00 01 00 00 00 ab 1b 00 00 01 00 00 00 
0000000100006570	10 00 00 00 00 00 00 00 00 00 00 00 00 00 00 00 
0000000100006580	00 00 00 00 00 00 00 00 00 00 00 00 00 00 00 00 
0000000100006590	00 00 00 00 00 00 00 00 09 58 00 00 01 00 00 00 
00000001000065a0	0d 58 00 00 01 00 00 00 00 00 00 00 00 00 00 00 
00000001000065b0	00 00 00 00 00 00 00 00 cd 2d 00 00 01 00 00 00 
00000001000065c0	00 00 00 00 00 00 00 00 03 00 00 00 00 00 00 00 
00000001000065d0	50 00 00 00 00 00 00 00 05 00 00 00 00 00 00 00 
00000001000065e0	11 58 00 00 01 00 00 00 00 00 00 00 00 00 00 00 
00000001000065f0	13 58 00 00 01 00 00 00 40 57 00 00 01 00 00 00 
0000000100006600	1b 58 00 00 01 00 00 00 00 00 00 00 00 00 00 00 
0000000100006610	00 00 00 00 00 00 00 00 00 00 00 00 00 00 00 00 
0000000100006620	00 00 00 00 00 00 00 00 00 00 00 00 00 00 00 00 
0000000100006630	00 00 00 00 00 00 00 00 00 00 00 00 00 00 00 00 
0000000100006640	00 00 00 00 00 00 00 00 20 58 00 00 01 00 00 00 
0000000100006650	26 58 00 00 01 00 00 00 00 00 00 00 00 00 00 00 
0000000100006660	0c 00 00 00 00 00 00 00 8f 26 00 00 01 00 00 00 
0000000100006670	c6 26 00 00 01 00 00 00 14 00 00 00 00 00 00 00 
0000000100006680	00 00 00 00 00 00 00 00 00 00 00 00 00 00 00 00 
0000000100006690	00 00 00 00 00 00 00 00 00 00 00 00 00 00 00 00 
00000001000066a0	2e 58 00 00 01 00 00 00 30 58 00 00 01 00 00 00 
00000001000066b0	00 00 00 00 00 00 00 00 00 00 00 00 00 00 00 00 
00000001000066c0	cd 2d 00 00 01 00 00 00 00 00 00 00 00 00 00 00 
00000001000066d0	08 00 00 00 00 00 00 00 20 00 00 00 00 00 00 00 
00000001000066e0	04 00 00 00 00 00 00 00 bd 57 00 00 01 00 00 00 
00000001000066f0	00 00 00 00 00 00 00 00 32 58 00 00 01 00 00 00 
0000000100006700	40 57 00 00 01 00 00 00 2e 58 00 00 01 00 00 00 
0000000100006710	00 00 00 00 00 00 00 00 00 00 00 00 00 00 00 00 
0000000100006720	00 00 00 00 00 00 00 00 00 00 00 00 00 00 00 00 
0000000100006730	00 00 00 00 00 00 00 00 00 00 00 00 00 00 00 00 
0000000100006740	00 00 00 00 00 00 00 00 00 00 00 00 00 00 00 00 
0000000100006750	38 58 00 00 01 00 00 00 3c 58 00 00 01 00 00 00 
0000000100006760	00 00 00 00 00 00 00 00 00 00 00 00 00 00 00 00 
0000000100006770	bc 2e 00 00 01 00 00 00 00 00 00 00 00 00 00 00 
0000000100006780	05 00 00 00 00 00 00 00 84 00 00 00 00 00 00 00 
0000000100006790	05 00 00 00 00 00 00 00 11 58 00 00 01 00 00 00 
00000001000067a0	00 00 00 00 00 00 00 00 40 58 00 00 01 00 00 00 
00000001000067b0	46 58 00 00 01 00 00 00 38 58 00 00 01 00 00 00 
00000001000067c0	00 00 00 00 00 00 00 00 00 00 00 00 00 00 00 00 
00000001000067d0	00 00 00 00 00 00 00 00 00 00 00 00 00 00 00 00 
00000001000067e0	00 00 00 00 00 00 00 00 00 00 00 00 00 00 00 00 
00000001000067f0	00 00 00 00 00 00 00 00 00 00 00 00 00 00 00 00 
0000000100006800	4c 58 00 00 01 00 00 00 40 57 00 00 01 00 00 00 
0000000100006810	54 58 00 00 01 00 00 00 00 00 00 00 00 00 00 00 
0000000100006820	00 00 00 00 00 00 00 00 00 00 00 00 00 00 00 00 
0000000100006830	00 00 00 00 00 00 00 00 00 00 00 00 00 00 00 00 
0000000100006840	00 00 00 00 00 00 00 00 00 00 00 00 00 00 00 00 
0000000100006850	00 00 00 00 00 00 00 00 5e 58 00 00 01 00 00 00 
0000000100006860	64 58 00 00 01 00 00 00 00 00 00 00 00 00 00 00 
0000000100006870	04 00 00 00 00 00 00 00 db 2e 00 00 01 00 00 00 
0000000100006880	00 00 00 00 00 00 00 00 04 00 00 00 00 00 00 00 
0000000100006890	58 00 00 00 00 00 00 00 06 00 00 00 00 00 00 00 
00000001000068a0	6a 58 00 00 01 00 00 00 00 00 00 00 00 00 00 00 
00000001000068b0	6d 58 00 00 01 00 00 00 40 57 00 00 01 00 00 00 
00000001000068c0	5e 58 00 00 01 00 00 00 00 00 00 00 00 00 00 00 
00000001000068d0	00 00 00 00 00 00 00 00 00 00 00 00 00 00 00 00 
00000001000068e0	00 00 00 00 00 00 00 00 00 00 00 00 00 00 00 00 
00000001000068f0	00 00 00 00 00 00 00 00 00 00 00 00 00 00 00 00 
0000000100006900	00 00 00 00 00 00 00 00 75 58 00 00 01 00 00 00 
0000000100006910	7a 58 00 00 01 00 00 00 00 00 00 00 00 00 00 00 
0000000100006920	00 00 00 00 00 00 00 00 bc 2e 00 00 01 00 00 00 
0000000100006930	00 00 00 00 00 00 00 00 04 00 00 00 00 00 00 00 
0000000100006940	10 01 00 00 00 00 00 00 02 00 00 00 00 00 00 00 
0000000100006950	11 58 00 00 01 00 00 00 00 00 00 00 00 00 00 00 
0000000100006960	7f 58 00 00 01 00 00 00 86 58 00 00 01 00 00 00 
0000000100006970	00 00 00 00 00 00 00 00 00 00 00 00 00 00 00 00 
0000000100006980	cd 2d 00 00 01 00 00 00 00 00 00 00 00 00 00 00 
0000000100006990	08 00 00 00 00 00 00 00 c0 00 00 00 00 00 00 00 
00000001000069a0	04 00 00 00 00 00 00 00 bd 57 00 00 01 00 00 00 
00000001000069b0	00 00 00 00 00 00 00 00 8d 58 00 00 01 00 00 00 
00000001000069c0	95 58 00 00 01 00 00 00 00 00 00 00 00 00 00 00 
00000001000069d0	00 00 00 00 00 00 00 00 cd 2d 00 00 01 00 00 00 
00000001000069e0	00 00 00 00 00 00 00 00 08 00 00 00 00 00 00 00 
00000001000069f0	c8 00 00 00 00 00 00 00 06 00 00 00 00 00 00 00 
0000000100006a00	9d 58 00 00 01 00 00 00 00 00 00 00 00 00 00 00 
0000000100006a10	a0 58 00 00 01 00 00 00 a4 58 00 00 01 00 00 00 
0000000100006a20	00 00 00 00 00 00 00 00 00 00 00 00 00 00 00 00 
0000000100006a30	8c 2d 00 00 01 00 00 00 00 00 00 00 00 00 00 00 
0000000100006a40	05 00 00 00 00 00 00 00 00 00 00 00 00 00 00 00 
0000000100006a50	00 00 00 00 00 00 00 00 00 00 00 00 00 00 00 00 
0000000100006a60	00 00 00 00 00 00 00 00 a8 58 00 00 01 00 00 00 
0000000100006a70	ae 58 00 00 01 00 00 00 00 00 00 00 00 00 00 00 
0000000100006a80	02 00 00 00 00 00 00 00 c5 1c 00 00 01 00 00 00 
0000000100006a90	00 00 00 00 00 00 00 00 fe 00 00 00 00 00 00 00 
0000000100006aa0	00 00 00 00 00 00 00 00 00 00 00 00 00 00 00 00 
0000000100006ab0	00 00 00 00 00 00 00 00 00 00 00 00 00 00 00 00 
0000000100006ac0	b4 58 00 00 01 00 00 00 40 57 00 00 01 00 00 00 
0000000100006ad0	a8 58 00 00 01 00 00 00 00 00 00 00 00 00 00 00 
0000000100006ae0	00 00 00 00 00 00 00 00 00 00 00 00 00 00 00 00 
0000000100006af0	00 00 00 00 00 00 00 00 00 00 00 00 00 00 00 00 
0000000100006b00	00 00 00 00 00 00 00 00 00 00 00 00 00 00 00 00 
0000000100006b10	00 00 00 00 00 00 00 00 bc 58 00 00 01 00 00 00 
0000000100006b20	c3 58 00 00 01 00 00 00 00 00 00 00 00 00 00 00 
0000000100006b30	06 00 00 00 00 00 00 00 5d 23 00 00 01 00 00 00 
0000000100006b40	00 00 00 00 00 00 00 00 1c 00 00 00 00 00 00 00 
0000000100006b50	00 00 00 00 00 00 00 00 00 00 00 00 00 00 00 00 
0000000100006b60	00 00 00 00 00 00 00 00 00 00 00 00 00 00 00 00 
0000000100006b70	cb 58 00 00 01 00 00 00 d2 58 00 00 01 00 00 00 
0000000100006b80	00 00 00 00 00 00 00 00 04 00 00 00 00 00 00 00 
0000000100006b90	db 2e 00 00 01 00 00 00 00 00 00 00 00 00 00 00 
0000000100006ba0	04 00 00 00 00 00 00 00 48 00 00 00 00 00 00 00 
0000000100006bb0	06 00 00 00 00 00 00 00 6a 58 00 00 01 00 00 00 
0000000100006bc0	00 00 00 00 00 00 00 00 d9 58 00 00 01 00 00 00 
0000000100006bd0	e0 58 00 00 01 00 00 00 00 00 00 00 00 00 00 00 
0000000100006be0	04 00 00 00 00 00 00 00 db 2e 00 00 01 00 00 00 
0000000100006bf0	00 00 00 00 00 00 00 00 04 00 00 00 00 00 00 00 
0000000100006c00	40 00 00 00 00 00 00 00 06 00 00 00 00 00 00 00 
0000000100006c10	6a 58 00 00 01 00 00 00 00 00 00 00 00 00 00 00 
0000000100006c20	e7 58 00 00 01 00 00 00 ee 58 00 00 01 00 00 00 
0000000100006c30	00 00 00 00 00 00 00 00 04 00 00 00 00 00 00 00 
0000000100006c40	db 2e 00 00 01 00 00 00 00 00 00 00 00 00 00 00 
0000000100006c50	04 00 00 00 00 00 00 00 70 00 00 00 00 00 00 00 
0000000100006c60	06 00 00 00 00 00 00 00 6a 58 00 00 01 00 00 00 
0000000100006c70	00 00 00 00 00 00 00 00 f5 58 00 00 01 00 00 00 
0000000100006c80	fc 58 00 00 01 00 00 00 00 00 00 00 00 00 00 00 
0000000100006c90	04 00 00 00 00 00 00 00 db 2e 00 00 01 00 00 00 
0000000100006ca0	00 00 00 00 00 00 00 00 04 00 00 00 00 00 00 00 
0000000100006cb0	68 00 00 00 00 00 00 00 06 00 00 00 00 00 00 00 
0000000100006cc0	6a 58 00 00 01 00 00 00 00 00 00 00 00 00 00 00 
0000000100006cd0	03 59 00 00 01 00 00 00 40 57 00 00 01 00 00 00 
0000000100006ce0	06 59 00 00 01 00 00 00 00 00 00 00 00 00 00 00 
0000000100006cf0	00 00 00 00 00 00 00 00 00 00 00 00 00 00 00 00 
0000000100006d00	00 00 00 00 00 00 00 00 00 00 00 00 00 00 00 00 
0000000100006d10	00 00 00 00 00 00 00 00 00 00 00 00 00 00 00 00 
0000000100006d20	00 00 00 00 00 00 00 00 06 59 00 00 01 00 00 00 
0000000100006d30	0b 59 00 00 01 00 00 00 00 00 00 00 00 00 00 00 
0000000100006d40	00 00 00 00 00 00 00 00 cd 2d 00 00 01 00 00 00 
0000000100006d50	00 00 00 00 00 00 00 00 02 00 00 00 00 00 00 00 
0000000100006d60	f2 00 00 00 00 00 00 00 00 00 00 00 00 00 00 00 
0000000100006d70	11 58 00 00 01 00 00 00 00 00 00 00 00 00 00 00 
0000000100006d80	0e 59 00 00 01 00 00 00 15 59 00 00 01 00 00 00 
0000000100006d90	00 00 00 00 00 00 00 00 04 00 00 00 00 00 00 00 
0000000100006da0	db 2e 00 00 01 00 00 00 00 00 00 00 00 00 00 00 
0000000100006db0	05 00 00 00 00 00 00 00 88 00 00 00 00 00 00 00 
0000000100006dc0	06 00 00 00 00 00 00 00 6a 58 00 00 01 00 00 00 
0000000100006dd0	00 00 00 00 00 00 00 00 1c 59 00 00 01 00 00 00 
0000000100006de0	40 57 00 00 01 00 00 00 25 59 00 00 01 00 00 00 
0000000100006df0	00 00 00 00 00 00 00 00 00 00 00 00 00 00 00 00 
0000000100006e00	00 00 00 00 00 00 00 00 00 00 00 00 00 00 00 00 
0000000100006e10	00 00 00 00 00 00 00 00 00 00 00 00 00 00 00 00 
0000000100006e20	00 00 00 00 00 00 00 00 00 00 00 00 00 00 00 00 
0000000100006e30	25 59 00 00 01 00 00 00 2b 59 00 00 01 00 00 00 
0000000100006e40	00 00 00 00 00 00 00 00 04 00 00 00 00 00 00 00 
0000000100006e50	db 2e 00 00 01 00 00 00 00 00 00 00 00 00 00 00 
0000000100006e60	04 00 00 00 00 00 00 00 78 00 00 00 00 00 00 00 
0000000100006e70	06 00 00 00 00 00 00 00 6a 58 00 00 01 00 00 00 
0000000100006e80	00 00 00 00 00 00 00 00 31 59 00 00 01 00 00 00 
0000000100006e90	37 59 00 00 01 00 00 00 00 00 00 00 00 00 00 00 
0000000100006ea0	04 00 00 00 00 00 00 00 db 2e 00 00 01 00 00 00 
0000000100006eb0	00 00 00 00 00 00 00 00 04 00 00 00 00 00 00 00 
0000000100006ec0	50 00 00 00 00 00 00 00 06 00 00 00 00 00 00 00 
0000000100006ed0	6a 58 00 00 01 00 00 00 00 00 00 00 00 00 00 00 
0000000100006ee0	3d 59 00 00 01 00 00 00 43 59 00 00 01 00 00 00 
0000000100006ef0	00 00 00 00 00 00 00 00 04 00 00 00 00 00 00 00 
0000000100006f00	db 2e 00 00 01 00 00 00 00 00 00 00 00 00 00 00 
0000000100006f10	05 00 00 00 00 00 00 00 80 00 00 00 00 00 00 00 
0000000100006f20	06 00 00 00 00 00 00 00 6a 58 00 00 01 00 00 00 
0000000100006f30	00 00 00 00 00 00 00 00 49 59 00 00 01 00 00 00 
0000000100006f40	50 59 00 00 01 00 00 00 00 00 00 00 00 00 00 00 
0000000100006f50	00 00 00 00 00 00 00 00 cd 2d 00 00 01 00 00 00 
0000000100006f60	00 00 00 00 00 00 00 00 06 00 00 00 00 00 00 00 
0000000100006f70	60 00 00 00 00 00 00 00 08 00 00 00 00 00 00 00 
0000000100006f80	9d 58 00 00 01 00 00 00 00 00 00 00 00 00 00 00 
0000000100006f90	56 59 00 00 01 00 00 00 5c 59 00 00 01 00 00 00 
0000000100006fa0	00 00 00 00 00 00 00 00 04 00 00 00 00 00 00 00 
0000000100006fb0	db 2e 00 00 01 00 00 00 00 00 00 00 00 00 00 00 
0000000100006fc0	04 00 00 00 00 00 00 00 60 00 00 00 00 00 00 00 
0000000100006fd0	06 00 00 00 00 00 00 00 6a 58 00 00 01 00 00 00 
0000000100006fe0	00 00 00 00 00 00 00 00 62 59 00 00 01 00 00 00 
0000000100006ff0	40 57 00 00 01 00 00 00 56 59 00 00 01 00 00 00 
0000000100007000	00 00 00 00 00 00 00 00 00 00 00 00 00 00 00 00 
0000000100007010	00 00 00 00 00 00 00 00 00 00 00 00 00 00 00 00 
0000000100007020	00 00 00 00 00 00 00 00 00 00 00 00 00 00 00 00 
0000000100007030	00 00 00 00 00 00 00 00 00 00 00 00 00 00 00 00 
0000000100007040	6a 59 00 00 01 00 00 00 6f 59 00 00 01 00 00 00 
0000000100007050	00 00 00 00 00 00 00 00 00 00 00 00 00 00 00 00 
0000000100007060	cd 2d 00 00 01 00 00 00 00 00 00 00 00 00 00 00 
0000000100007070	06 00 00 00 00 00 00 00 20 01 00 00 00 00 00 00 
0000000100007080	08 00 00 00 00 00 00 00 9d 58 00 00 01 00 00 00 
0000000100007090	00 00 00 00 00 00 00 00 74 59 00 00 01 00 00 00 
00000001000070a0	7a 59 00 00 01 00 00 00 00 00 00 00 00 00 00 00 
00000001000070b0	00 00 00 00 00 00 00 00 bc 2e 00 00 01 00 00 00 
00000001000070c0	00 00 00 00 00 00 00 00 10 00 00 00 00 00 00 00 
00000001000070d0	00 00 00 00 00 00 00 00 08 00 00 00 00 00 00 00 
00000001000070e0	9d 58 00 00 01 00 00 00 00 00 00 00 00 00 00 00 
00000001000070f0	80 59 00 00 01 00 00 00 87 59 00 00 01 00 00 00 
0000000100007100	00 00 00 00 00 00 00 00 04 00 00 00 00 00 00 00 
0000000100007110	62 2d 00 00 01 00 00 00 00 00 00 00 00 00 00 00 
0000000100007120	06 00 00 00 00 00 00 00 00 00 00 00 00 00 00 00 
0000000100007130	00 00 00 00 00 00 00 00 00 00 00 00 00 00 00 00 
0000000100007140	00 00 00 00 00 00 00 00 8e 59 00 00 01 00 00 00 
0000000100007150	40 57 00 00 01 00 00 00 9c 57 00 00 01 00 00 00 
0000000100007160	00 00 00 00 00 00 00 00 00 00 00 00 00 00 00 00 
0000000100007170	00 00 00 00 00 00 00 00 00 00 00 00 00 00 00 00 
0000000100007180	00 00 00 00 00 00 00 00 00 00 00 00 00 00 00 00 
0000000100007190	00 00 00 00 00 00 00 00 00 00 00 00 00 00 00 00 
00000001000071a0	93 59 00 00 01 00 00 00 40 57 00 00 01 00 00 00 
00000001000071b0	9b 59 00 00 01 00 00 00 00 00 00 00 00 00 00 00 
00000001000071c0	00 00 00 00 00 00 00 00 00 00 00 00 00 00 00 00 
00000001000071d0	00 00 00 00 00 00 00 00 00 00 00 00 00 00 00 00 
00000001000071e0	00 00 00 00 00 00 00 00 00 00 00 00 00 00 00 00 
00000001000071f0	00 00 00 00 00 00 00 00 9f 59 00 00 01 00 00 00 
0000000100007200	a4 59 00 00 01 00 00 00 00 00 00 00 00 00 00 00 
0000000100007210	00 00 00 00 00 00 00 00 bc 2e 00 00 01 00 00 00 
0000000100007220	00 00 00 00 00 00 00 00 05 00 00 00 00 00 00 00 
0000000100007230	0c 01 00 00 00 00 00 00 05 00 00 00 00 00 00 00 
0000000100007240	11 58 00 00 01 00 00 00 00 00 00 00 00 00 00 00 
0000000100007250	a9 59 00 00 01 00 00 00 ad 59 00 00 01 00 00 00 
0000000100007260	00 00 00 00 00 00 00 00 00 00 00 00 00 00 00 00 
0000000100007270	cd 2d 00 00 01 00 00 00 00 00 00 00 00 00 00 00 
0000000100007280	05 00 00 00 00 00 00 00 28 00 00 00 00 00 00 00 
0000000100007290	05 00 00 00 00 00 00 00 11 58 00 00 01 00 00 00 
00000001000072a0	00 00 00 00 00 00 00 00 b1 59 00 00 01 00 00 00 
00000001000072b0	40 57 00 00 01 00 00 00 a6 57 00 00 01 00 00 00 
00000001000072c0	00 00 00 00 00 00 00 00 00 00 00 00 00 00 00 00 
00000001000072d0	00 00 00 00 00 00 00 00 00 00 00 00 00 00 00 00 
00000001000072e0	00 00 00 00 00 00 00 00 00 00 00 00 00 00 00 00 
00000001000072f0	00 00 00 00 00 00 00 00 00 00 00 00 00 00 00 00 
0000000100007300	b6 59 00 00 01 00 00 00 bb 59 00 00 01 00 00 00 
0000000100007310	00 00 00 00 00 00 00 00 00 00 00 00 00 00 00 00 
0000000100007320	bc 2e 00 00 01 00 00 00 00 00 00 00 00 00 00 00 
0000000100007330	05 00 00 00 00 00 00 00 08 01 00 00 00 00 00 00 
0000000100007340	05 00 00 00 00 00 00 00 11 58 00 00 01 00 00 00 
0000000100007350	00 00 00 00 00 00 00 00 c0 59 00 00 01 00 00 00 
0000000100007360	c4 59 00 00 01 00 00 00 00 00 00 00 00 00 00 00 
0000000100007370	00 00 00 00 00 00 00 00 a5 1e 00 00 01 00 00 00 
0000000100007380	00 00 00 00 00 00 00 00 03 00 00 00 00 00 00 00 
0000000100007390	00 00 00 00 00 00 00 00 00 00 00 00 00 00 00 00 
00000001000073a0	00 00 00 00 00 00 00 00 00 00 00 00 00 00 00 00 
00000001000073b0	c8 59 00 00 01 00 00 00 40 57 00 00 01 00 00 00 
00000001000073c0	cf 59 00 00 01 00 00 00 00 00 00 00 00 00 00 00 
00000001000073d0	00 00 00 00 00 00 00 00 00 00 00 00 00 00 00 00 
00000001000073e0	00 00 00 00 00 00 00 00 00 00 00 00 00 00 00 00 
00000001000073f0	00 00 00 00 00 00 00 00 00 00 00 00 00 00 00 00 
0000000100007400	00 00 00 00 00 00 00 00 d5 59 00 00 01 00 00 00 
0000000100007410	40 57 00 00 01 00 00 00 dc 59 00 00 01 00 00 00 
0000000100007420	00 00 00 00 00 00 00 00 00 00 00 00 00 00 00 00 
0000000100007430	00 00 00 00 00 00 00 00 00 00 00 00 00 00 00 00 
0000000100007440	00 00 00 00 00 00 00 00 00 00 00 00 00 00 00 00 
0000000100007450	00 00 00 00 00 00 00 00 00 00 00 00 00 00 00 00 
0000000100007460	e2 59 00 00 01 00 00 00 e5 59 00 00 01 00 00 00 
0000000100007470	00 00 00 00 00 00 00 00 00 00 00 00 00 00 00 00 
0000000100007480	cd 2d 00 00 01 00 00 00 00 00 00 00 00 00 00 00 
0000000100007490	03 00 00 00 00 00 00 00 70 00 00 00 00 00 00 00 
00000001000074a0	05 00 00 00 00 00 00 00 11 58 00 00 01 00 00 00 
00000001000074b0	00 00 00 00 00 00 00 00 e8 59 00 00 01 00 00 00 
00000001000074c0	ed 59 00 00 01 00 00 00 00 00 00 00 00 00 00 00 
00000001000074d0	00 00 00 00 00 00 00 00 bc 2e 00 00 01 00 00 00 
00000001000074e0	00 00 00 00 00 00 00 00 05 00 00 00 00 00 00 00 
00000001000074f0	68 00 00 00 00 00 00 00 05 00 00 00 00 00 00 00 
0000000100007500	11 58 00 00 01 00 00 00 00 00 00 00 00 00 00 00 
0000000100007510	f2 59 00 00 01 00 00 00 f9 59 00 00 01 00 00 00 
0000000100007520	e8 59 00 00 01 00 00 00 00 00 00 00 00 00 00 00 
0000000100007530	00 00 00 00 00 00 00 00 00 00 00 00 00 00 00 00 
0000000100007540	00 00 00 00 00 00 00 00 00 00 00 00 00 00 00 00 
0000000100007550	00 00 00 00 00 00 00 00 00 00 00 00 00 00 00 00 
0000000100007560	00 00 00 00 00 00 00 00 00 5a 00 00 01 00 00 00 
0000000100007570	04 5a 00 00 01 00 00 00 00 00 00 00 00 00 00 00 
0000000100007580	00 00 00 00 00 00 00 00 70 27 00 00 01 00 00 00 
0000000100007590	00 00 00 00 00 00 00 00 06 00 00 00 00 00 00 00 
00000001000075a0	00 00 00 00 00 00 00 00 00 00 00 00 00 00 00 00 
00000001000075b0	00 00 00 00 00 00 00 00 00 00 00 00 00 00 00 00 
00000001000075c0	08 5a 00 00 01 00 00 00 0d 5a 00 00 01 00 00 00 
00000001000075d0	00 00 00 00 00 00 00 00 00 00 00 00 00 00 00 00 
00000001000075e0	bc 2e 00 00 01 00 00 00 00 00 00 00 00 00 00 00 
00000001000075f0	05 00 00 00 00 00 00 00 60 00 00 00 00 00 00 00 
0000000100007600	05 00 00 00 00 00 00 00 11 58 00 00 01 00 00 00 
0000000100007610	00 00 00 00 00 00 00 00 12 5a 00 00 01 00 00 00 
0000000100007620	18 5a 00 00 01 00 00 00 00 00 00 00 00 00 00 00 
0000000100007630	0a 00 00 00 00 00 00 00 e4 1f 00 00 01 00 00 00 
0000000100007640	1e 20 00 00 01 00 00 00 10 00 00 00 00 00 00 00 
0000000100007650	00 00 00 00 00 00 00 00 00 00 00 00 00 00 00 00 
0000000100007660	00 00 00 00 00 00 00 00 00 00 00 00 00 00 00 00 
0000000100007670	1e 5a 00 00 01 00 00 00 23 5a 00 00 01 00 00 00 
0000000100007680	00 00 00 00 00 00 00 00 00 00 00 00 00 00 00 00 
0000000100007690	bc 2e 00 00 01 00 00 00 00 00 00 00 00 00 00 00 
00000001000076a0	06 00 00 00 00 00 00 00 08 00 00 00 00 00 00 00 
00000001000076b0	08 00 00 00 00 00 00 00 9d 58 00 00 01 00 00 00 
00000001000076c0	00 00 00 00 00 00 00 00 9b 59 00 00 01 00 00 00 
00000001000076d0	28 5a 00 00 01 00 00 00 00 00 00 00 00 00 00 00 
00000001000076e0	00 00 00 00 00 00 00 00 cd 2d 00 00 01 00 00 00 
00000001000076f0	00 00 00 00 00 00 00 00 08 00 00 00 00 00 00 00 
0000000100007700	d0 00 00 00 00 00 00 00 04 00 00 00 00 00 00 00 
0000000100007710	bd 57 00 00 01 00 00 00 00 00 00 00 00 00 00 00 
0000000100007720	d7 57 00 00 01 00 00 00 30 5a 00 00 01 00 00 00 
0000000100007730	00 00 00 00 00 00 00 00 00 00 00 00 00 00 00 00 
0000000100007740	cd 2d 00 00 01 00 00 00 00 00 00 00 00 00 00 00 
0000000100007750	08 00 00 00 00 00 00 00 e4 00 00 00 00 00 00 00 
0000000100007760	05 00 00 00 00 00 00 00 bd 57 00 00 01 00 00 00 
0000000100007770	00 00 00 00 00 00 00 00 38 5a 00 00 01 00 00 00 
0000000100007780	3b 5a 00 00 01 00 00 00 00 00 00 00 00 00 00 00 
0000000100007790	00 00 00 00 00 00 00 00 cd 2d 00 00 01 00 00 00 
00000001000077a0	00 00 00 00 00 00 00 00 03 00 00 00 00 00 00 00 
00000001000077b0	74 00 00 00 00 00 00 00 05 00 00 00 00 00 00 00 
00000001000077c0	11 58 00 00 01 00 00 00 00 00 00 00 00 00 00 00 
00000001000077d0	3e 5a 00 00 01 00 00 00 c3 58 00 00 01 00 00 00 
00000001000077e0	00 00 00 00 00 00 00 00 06 00 00 00 00 00 00 00 
00000001000077f0	5b 22 00 00 01 00 00 00 00 00 00 00 00 00 00 00 
0000000100007800	07 00 00 00 00 00 00 00 00 00 00 00 00 00 00 00 
0000000100007810	00 00 00 00 00 00 00 00 00 00 00 00 00 00 00 00 
0000000100007820	00 00 00 00 00 00 00 00 44 5a 00 00 01 00 00 00 
0000000100007830	40 57 00 00 01 00 00 00 49 5a 00 00 01 00 00 00 
0000000100007840	00 00 00 00 00 00 00 00 00 00 00 00 00 00 00 00 
0000000100007850	00 00 00 00 00 00 00 00 00 00 00 00 00 00 00 00 
0000000100007860	00 00 00 00 00 00 00 00 00 00 00 00 00 00 00 00 
0000000100007870	00 00 00 00 00 00 00 00 00 00 00 00 00 00 00 00 
0000000100007880	49 5a 00 00 01 00 00 00 4f 5a 00 00 01 00 00 00 
0000000100007890	00 00 00 00 00 00 00 00 00 00 00 00 00 00 00 00 
00000001000078a0	17 1d 00 00 01 00 00 00 00 00 00 00 00 00 00 00 
00000001000078b0	04 00 00 00 00 00 00 00 00 00 00 00 00 00 00 00 
00000001000078c0	00 00 00 00 00 00 00 00 00 00 00 00 00 00 00 00 
00000001000078d0	00 00 00 00 00 00 00 00 cf 59 00 00 01 00 00 00 
00000001000078e0	54 5a 00 00 01 00 00 00 00 00 00 00 00 00 00 00 
00000001000078f0	04 00 00 00 00 00 00 00 a5 2a 00 00 01 00 00 00 
0000000100007900	00 00 00 00 00 00 00 00 09 00 00 00 00 00 00 00 
0000000100007910	00 00 00 00 00 00 00 00 00 00 00 00 00 00 00 00 
0000000100007920	00 00 00 00 00 00 00 00 00 00 00 00 00 00 00 00 
0000000100007930	5a 5a 00 00 01 00 00 00 60 5a 00 00 01 00 00 00 
0000000100007940	00 00 00 00 00 00 00 00 00 00 00 00 00 00 00 00 
0000000100007950	bc 2e 00 00 01 00 00 00 00 00 00 00 00 00 00 00 
0000000100007960	05 00 00 00 00 00 00 00 6c 00 00 00 00 00 00 00 
0000000100007970	05 00 00 00 00 00 00 00 11 58 00 00 01 00 00 00 
0000000100007980	00 00 00 00 00 00 00 00 66 5a 00 00 01 00 00 00 
0000000100007990	6c 5a 00 00 01 00 00 00 00 00 00 00 00 00 00 00 
00000001000079a0	00 00 00 00 00 00 00 00 bc 2e 00 00 01 00 00 00 
00000001000079b0	00 00 00 00 00 00 00 00 05 00 00 00 00 00 00 00 
00000001000079c0	64 00 00 00 00 00 00 00 05 00 00 00 00 00 00 00 
00000001000079d0	11 58 00 00 01 00 00 00 00 00 00 00 00 00 00 00 
00000001000079e0	72 5a 00 00 01 00 00 00 77 5a 00 00 01 00 00 00 
00000001000079f0	00 00 00 00 00 00 00 00 00 00 00 00 00 00 00 00 
0000000100007a00	3b 20 00 00 01 00 00 00 00 00 00 00 00 00 00 00 
0000000100007a10	04 00 00 00 00 00 00 00 00 00 00 00 00 00 00 00 
0000000100007a20	00 00 00 00 00 00 00 00 00 00 00 00 00 00 00 00 
0000000100007a30	00 00 00 00 00 00 00 00 1b 58 00 00 01 00 00 00 
0000000100007a40	7c 5a 00 00 01 00 00 00 00 00 00 00 00 00 00 00 
0000000100007a50	04 00 00 00 00 00 00 00 96 27 00 00 01 00 00 00 
0000000100007a60	00 00 00 00 00 00 00 00 09 00 00 00 00 00 00 00 
0000000100007a70	00 00 00 00 00 00 00 00 00 00 00 00 00 00 00 00 
0000000100007a80	00 00 00 00 00 00 00 00 00 00 00 00 00 00 00 00 
0000000100007a90	81 5a 00 00 01 00 00 00 87 5a 00 00 01 00 00 00 
0000000100007aa0	00 00 00 00 00 00 00 00 00 00 00 00 00 00 00 00 
0000000100007ab0	bc 2e 00 00 01 00 00 00 00 00 00 00 00 00 00 00 
0000000100007ac0	04 00 00 00 00 00 00 00 18 01 00 00 00 00 00 00 
0000000100007ad0	05 00 00 00 00 00 00 00 11 58 00 00 01 00 00 00 
0000000100007ae0	00 00 00 00 00 00 00 00 8d 5a 00 00 01 00 00 00 
0000000100007af0	93 5a 00 00 01 00 00 00 00 00 00 00 00 00 00 00 
0000000100007b00	00 00 00 00 00 00 00 00 bc 2e 00 00 01 00 00 00 
0000000100007b10	00 00 00 00 00 00 00 00 06 00 00 00 00 00 00 00 
0000000100007b20	20 01 00 00 00 00 00 00 08 00 00 00 00 00 00 00 
0000000100007b30	9d 58 00 00 01 00 00 00 00 00 00 00 00 00 00 00 
0000000100007b40	99 5a 00 00 01 00 00 00 9e 5a 00 00 01 00 00 00 
0000000100007b50	00 00 00 00 00 00 00 00 00 00 00 00 00 00 00 00 
0000000100007b60	ae 2d 00 00 01 00 00 00 00 00 00 00 00 00 00 00 
0000000100007b70	08 00 00 00 00 00 00 00 00 00 00 00 00 00 00 00 
0000000100007b80	00 00 00 00 00 00 00 00 00 00 00 00 00 00 00 00 
0000000100007b90	00 00 00 00 00 00 00 00 a3 5a 00 00 01 00 00 00 
0000000100007ba0	a6 5a 00 00 01 00 00 00 00 00 00 00 00 00 00 00 
0000000100007bb0	00 00 00 00 00 00 00 00 ef 20 00 00 01 00 00 00 
0000000100007bc0	00 00 00 00 00 00 00 00 05 00 00 00 00 00 00 00 
0000000100007bd0	00 00 00 00 00 00 00 00 00 00 00 00 00 00 00 00 
0000000100007be0	00 00 00 00 00 00 00 00 00 00 00 00 00 00 00 00 
0000000100007bf0	aa 5a 00 00 01 00 00 00 ae 5a 00 00 01 00 00 00 
0000000100007c00	00 00 00 00 00 00 00 00 02 00 00 00 00 00 00 00 
0000000100007c10	00 22 00 00 01 00 00 00 00 00 00 00 00 00 00 00 
0000000100007c20	08 00 00 00 00 00 00 00 00 00 00 00 00 00 00 00 
0000000100007c30	00 00 00 00 00 00 00 00 00 00 00 00 00 00 00 00 
0000000100007c40	00 00 00 00 00 00 00 00 b2 5a 00 00 01 00 00 00 
0000000100007c50	b8 5a 00 00 01 00 00 00 00 00 00 00 00 00 00 00 
0000000100007c60	02 00 00 00 00 00 00 00 9f 1c 00 00 01 00 00 00 
0000000100007c70	00 00 00 00 00 00 00 00 10 00 00 00 00 00 00 00 
0000000100007c80	00 00 00 00 00 00 00 00 00 00 00 00 00 00 00 00 
0000000100007c90	00 00 00 00 00 00 00 00 00 00 00 00 00 00 00 00 
0000000100007ca0	be 5a 00 00 01 00 00 00 c2 5a 00 00 01 00 00 00 
0000000100007cb0	00 00 00 00 00 00 00 00 00 00 00 00 00 00 00 00 
0000000100007cc0	bc 2e 00 00 01 00 00 00 00 00 00 00 00 00 00 00 
0000000100007cd0	05 00 00 00 00 00 00 00 7c 00 00 00 00 00 00 00 
0000000100007ce0	05 00 00 00 00 00 00 00 11 58 00 00 01 00 00 00 
0000000100007cf0	00 00 00 00 00 00 00 00 c6 5a 00 00 01 00 00 00 
0000000100007d00	ca 5a 00 00 01 00 00 00 00 00 00 00 00 00 00 00 
0000000100007d10	00 00 00 00 00 00 00 00 cd 2d 00 00 01 00 00 00 
0000000100007d20	00 00 00 00 00 00 00 00 03 00 00 00 00 00 00 00 
0000000100007d30	f1 00 00 00 00 00 00 00 00 00 00 00 00 00 00 00 
0000000100007d40	11 58 00 00 01 00 00 00 00 00 00 00 00 00 00 00 
0000000100007d50	ce 5a 00 00 01 00 00 00 d3 5a 00 00 01 00 00 00 
0000000100007d60	00 00 00 00 00 00 00 00 0a 00 00 00 00 00 00 00 
0000000100007d70	52 1f 00 00 01 00 00 00 c7 1f 00 00 01 00 00 00 
0000000100007d80	10 00 00 00 00 00 00 00 00 00 00 00 00 00 00 00 
0000000100007d90	00 00 00 00 00 00 00 00 00 00 00 00 00 00 00 00 
0000000100007da0	00 00 00 00 00 00 00 00 d8 5a 00 00 01 00 00 00 
0000000100007db0	40 57 00 00 01 00 00 00 c6 5a 00 00 01 00 00 00 
0000000100007dc0	00 00 00 00 00 00 00 00 00 00 00 00 00 00 00 00 
0000000100007dd0	00 00 00 00 00 00 00 00 00 00 00 00 00 00 00 00 
0000000100007de0	00 00 00 00 00 00 00 00 00 00 00 00 00 00 00 00 
0000000100007df0	00 00 00 00 00 00 00 00 00 00 00 00 00 00 00 00 
0000000100007e00	dc 59 00 00 01 00 00 00 df 5a 00 00 01 00 00 00 
0000000100007e10	00 00 00 00 00 00 00 00 04 00 00 00 00 00 00 00 
0000000100007e20	1c 29 00 00 01 00 00 00 00 00 00 00 00 00 00 00 
0000000100007e30	09 00 00 00 00 00 00 00 00 00 00 00 00 00 00 00 
0000000100007e40	00 00 00 00 00 00 00 00 00 00 00 00 00 00 00 00 
0000000100007e50	00 00 00 00 00 00 00 00 e5 5a 00 00 01 00 00 00 
0000000100007e60	40 57 00 00 01 00 00 00 eb 5a 00 00 01 00 00 00 
0000000100007e70	00 00 00 00 00 00 00 00 00 00 00 00 00 00 00 00 
0000000100007e80	00 00 00 00 00 00 00 00 00 00 00 00 00 00 00 00 
0000000100007e90	00 00 00 00 00 00 00 00 00 00 00 00 00 00 00 00 
0000000100007ea0	00 00 00 00 00 00 00 00 00 00 00 00 00 00 00 00 
0000000100007eb0	eb 5a 00 00 01 00 00 00 ef 5a 00 00 01 00 00 00 
0000000100007ec0	00 00 00 00 00 00 00 00 00 00 00 00 00 00 00 00 
0000000100007ed0	4a 27 00 00 01 00 00 00 00 00 00 00 00 00 00 00 
0000000100007ee0	08 00 00 00 00 00 00 00 00 00 00 00 00 00 00 00 
0000000100007ef0	00 00 00 00 00 00 00 00 00 00 00 00 00 00 00 00 
0000000100007f00	00 00 00 00 00 00 00 00 f3 5a 00 00 01 00 00 00 
0000000100007f10	50 59 00 00 01 00 00 00 00 00 00 00 00 00 00 00 
0000000100007f20	02 00 00 00 00 00 00 00 f0 26 00 00 01 00 00 00 
0000000100007f30	00 00 00 00 00 00 00 00 06 00 00 00 00 00 00 00 
0000000100007f40	00 00 00 00 00 00 00 00 00 00 00 00 00 00 00 00 
0000000100007f50	00 00 00 00 00 00 00 00 00 00 00 00 00 00 00 00 
0000000100007f60	f9 5a 00 00 01 00 00 00 fc 5a 00 00 01 00 00 00 
0000000100007f70	00 00 00 00 00 00 00 00 00 00 00 00 00 00 00 00 
0000000100007f80	15 2f 00 00 01 00 00 00 00 00 00 00 00 00 00 00 
0000000100007f90	04 00 00 00 00 00 00 00 00 00 00 00 00 00 00 00 
0000000100007fa0	00 00 00 00 00 00 00 00 00 00 00 00 00 00 00 00 
0000000100007fb0	00 00 00 00 00 00 00 00 ff 5a 00 00 01 00 00 00 
0000000100007fc0	03 5b 00 00 01 00 00 00 00 00 00 00 00 00 00 00 
0000000100007fd0	00 00 00 00 00 00 00 00 15 2f 00 00 01 00 00 00 
0000000100007fe0	00 00 00 00 00 00 00 00 04 00 00 00 00 00 00 00 
0000000100007ff0	00 00 00 00 00 00 00 00 00 00 00 00 00 00 00 00 
0000000100008000	00 00 00 00 00 00 00 00 00 00 00 00 00 00 00 00 
0000000100008010	07 5b 00 00 01 00 00 00 0b 5b 00 00 01 00 00 00 
0000000100008020	00 00 00 00 00 00 00 00 00 00 00 00 00 00 00 00 
0000000100008030	15 2f 00 00 01 00 00 00 00 00 00 00 00 00 00 00 
0000000100008040	03 00 00 00 00 00 00 00 00 00 00 00 00 00 00 00 
0000000100008050	00 00 00 00 00 00 00 00 00 00 00 00 00 00 00 00 
0000000100008060	00 00 00 00 00 00 00 00 0f 5b 00 00 01 00 00 00 
0000000100008070	13 5b 00 00 01 00 00 00 00 00 00 00 00 00 00 00 
0000000100008080	00 00 00 00 00 00 00 00 15 2f 00 00 01 00 00 00 
0000000100008090	00 00 00 00 00 00 00 00 04 00 00 00 00 00 00 00 
00000001000080a0	00 00 00 00 00 00 00 00 00 00 00 00 00 00 00 00 
00000001000080b0	00 00 00 00 00 00 00 00 00 00 00 00 00 00 00 00 
00000001000080c0	17 5b 00 00 01 00 00 00 1d 5b 00 00 01 00 00 00 
00000001000080d0	00 00 00 00 00 00 00 00 00 00 00 00 00 00 00 00 
00000001000080e0	cd 2d 00 00 01 00 00 00 00 00 00 00 00 00 00 00 
00000001000080f0	04 00 00 00 00 00 00 00 18 01 00 00 00 00 00 00 
0000000100008100	03 00 00 00 00 00 00 00 bd 57 00 00 01 00 00 00 
0000000100008110	00 00 00 00 00 00 00 00 40 57 00 00 01 00 00 00 
0000000100008120	00 00 00 00 00 00 00 00 00 00 00 00 00 00 00 00 
0000000100008130	00 00 00 00 00 00 00 00 00 00 00 00 00 00 00 00 
0000000100008140	00 00 00 00 00 00 00 00 00 00 00 00 00 00 00 00 
0000000100008150	00 00 00 00 00 00 00 00 00 00 00 00 00 00 00 00 
0000000100008160	00 00 00 00 00 00 00 00 00 00 00 00 00 00 00 00 
0000000100008170	ff ff ff ff 00 00 00 00 00 00 00 00 00 00 00 00 
0000000100008180	25 00 00 00 00 00 00 00 00 00 00 00 00 00 00 00 
0000000100008190	00 00 00 00 00 00 00 00 00 00 00 00 00 00 00 00 
00000001000081a0	00 00 00 00 00 00 00 00 a0 81 00 00 01 00 00 00 
00000001000081b0	70 69 64 20 74 74 79 20 74 69 6d 65 20 63 6f 6d 
00000001000081c0	6d 61 6e 64 3d 43 4d 44 00 00 00 00 00 00 00 00 
00000001000081d0	75 69 64 20 70 69 64 20 70 70 69 64 20 63 70 75 
00000001000081e0	3d 43 20 73 74 61 72 74 3d 53 54 49 4d 45 20 74 
00000001000081f0	74 79 20 74 69 6d 65 20 63 6f 6d 6d 61 6e 64 3d 
0000000100008200	43 4d 44 00 00 00 00 00 00 00 00 00 00 00 00 00 
0000000100008210	75 73 65 72 20 70 69 64 20 70 70 69 64 20 63 70 
0000000100008220	75 3d 43 20 73 74 61 72 74 3d 53 54 49 4d 45 20 
0000000100008230	74 74 79 20 74 69 6d 65 20 63 6f 6d 6d 61 6e 64 
0000000100008240	3d 43 4d 44 00 00 00 00 00 00 00 00 00 00 00 00 
0000000100008250	75 69 64 20 70 69 64 20 70 70 69 64 20 66 6c 61 
0000000100008260	67 73 20 63 70 75 20 70 72 69 20 6e 69 63 65 20 
0000000100008270	76 73 7a 3d 53 5a 20 72 73 73 20 77 63 68 61 6e 
0000000100008280	20 73 74 61 74 65 3d 53 20 70 61 64 64 72 3d 41 
0000000100008290	44 44 52 20 74 74 79 20 74 69 6d 65 20 63 6f 6d 
00000001000082a0	6d 61 6e 64 3d 43 4d 44 00 00 00 00 00 00 00 00 
00000001000082b0	75 73 65 72 20 70 69 64 20 74 74 20 25 63 70 75 
00000001000082c0	20 73 74 61 74 65 20 20 70 72 69 20 73 74 69 6d 
00000001000082d0	65 20 75 74 69 6d 65 20 63 6f 6d 6d 61 6e 64 00 
00000001000082e0	75 73 65 72 2c 70 69 64 2c 70 70 69 64 2c 70 67 
00000001000082f0	69 64 2c 73 65 73 73 2c 6a 6f 62 63 2c 73 74 61 
0000000100008300	74 65 2c 74 74 2c 74 69 6d 65 2c 63 6f 6d 6d 61 
0000000100008310	6e 64 00 00 00 00 00 00 00 00 00 00 00 00 00 00 
0000000100008320	75 69 64 2c 70 69 64 2c 70 70 69 64 2c 63 70 75 
0000000100008330	2c 70 72 69 2c 6e 69 63 65 2c 76 73 7a 2c 72 73 
0000000100008340	73 2c 77 63 68 61 6e 2c 73 74 61 74 65 2c 74 74 
0000000100008350	2c 74 69 6d 65 2c 63 6f 6d 6d 61 6e 64 00 70 69 
0000000100008360	64 00 00 00 00 00 00 00 00 00 00 00 00 00 00 00 
0000000100008370	74 74 2c 73 74 61 74 65 2c 74 69 6d 65 2c 63 6f 
0000000100008380	6d 6d 61 6e 64 00 00 00 00 00 00 00 00 00 00 00 
0000000100008390	75 73 65 72 2c 70 69 64 2c 25 63 70 75 2c 25 6d 
00000001000083a0	65 6d 2c 76 73 7a 2c 72 73 73 2c 74 74 2c 73 74 
00000001000083b0	61 74 65 2c 73 74 61 72 74 2c 74 69 6d 65 2c 63 
00000001000083c0	6f 6d 6d 61 6e 64 00 00 00 00 00 00 00 00 00 00 
00000001000083d0	70 69 64 2c 73 74 61 74 65 2c 74 69 6d 65 2c 73 
00000001000083e0	6c 2c 72 65 2c 70 61 67 65 69 6e 2c 76 73 7a 2c 
00000001000083f0	72 73 73 2c 6c 69 6d 2c 74 73 69 7a 2c 25 63 70 
0000000100008400	75 2c 25 6d 65 6d 2c 63 6f 6d 6d 61 6e 64 00 00 
0000000100008410	70 69 64 2c 74 74 2c 73 74 61 74 65 2c 74 69 6d 
0000000100008420	65 2c 63 6f 6d 6d 61 6e 64 00 20 52 55 53 49 54 
0000000100008430	48 3f 00 
